10029	10145
10145	80414
10145	1062596504
10315	224380121
10315	1049723185
10362	1049723185
10413	10469
10413	1057476285
10413	1060715975
10514	1057476285
10518	1067852634
11022	11023
11022	11086
11022	11088
11022	752432
11022	1002603155
11022	1005343850
11022	1064217724
11023	11086
11023	11088
11023	79660
11023	752432
11023	272212116
11086	752432
11086	272212116
11087	11088
11088	752432
11088	272212116
31790	1042696501
79660	48877274
79660	1066817330
95095	1017081760
98122	1036803045
101713	1067852634
102387	1053796452
103558	1050413141
103984	1065010415
320027	1009489072
320027	1069194825
593170	1044578275
752432	272212116
888361	888372
888361	1064308653
888367	1050090641
3004005	1030546952
9775521	1053964004
10391555	1004505362
11748591	1038819400
18452644	84359771
18452644	1039406380
18452644	1039569372
18816529	38093313
23101510	1035880951
23780876	1058302185
25509597	68254022
25509597	1046136842
30030969	1043057590
30030969	1067096902
31082304	68254022
31082304	1005491712
33568380	1063840643
33576704	1048841010
35987272	1061473103
35987272	1068721344
39297060	1035925393
39297060	1045195625
39297060	1046814450
39781499	66153298
41339710	272653590
41339710	1061116807
41883998	1054013325
42876891	272656375
42876891	1036788487
43077721	1059801622
43299226	1000805232
45162274	1005356522
45162274	1042577474
45162274	1048873925
48156805	1036001692
48156805	1068432812
48319932	1052937860
48877274	216633711
48877274	223138666
52176186	1043184911
52176186	1054013325
53336370	1025367415
53336370	1067212684
64679199	1036080953
66234627	1046136842
68254022	215378187
68254022	1046136842
68351016	1018669437
72391381	1056954153
72391381	1060124170
79791167	1052937860
80355516	1058990775
81012892	1013096984
84359771	1035936350
84359771	1048351592
84359771	1059391632
85723075	1045822015
86854574	1033764630
86867603	211938704
210824691	1051883185
215378187	1049723185
215378187	1068432812
216633711	244108602
216633711	1014309911
223138666	1049287800
224266310	1047005390
224380121	1049723185
224380121	1057190533
226881783	1059425324
226881783	1064060611
228806644	1014586485
228806644	1043245131
242722022	276610504
243284641	1012745944
243465694	1038819400
243465694	1062004343
244108602	1017439175
244108602	1031414297
244108602	1058122601
244108602	1062142382
244670546	1063946135
247159718	1013444644
247159718	1014309911
247159718	1046483233
250628274	1030423695
250883521	1047005390
250883521	1061116807
252470390	1042989142
252470390	1050826540
253183093	1051708291
253183093	1063810443
253183093	1064504880
253183093	1068710144
253277792	1033212031
271260821	1055710674
272653590	1038060501
272992299	1059962600
273737670	1065101375
274287438	1036432650
274655242	1051708291
275607453	1013928427
281457114	1041189435
281457114	1066116653
282916850	1062610313
1000421721	1053796452
1000473355	1002603155
1000473355	1030616032
1000653824	1021711712
1000653824	1046196987
1000667255	1002418974
1000667255	1002834152
1000667255	1003882840
1000667255	1009681480
1000667255	1009831860
1000667255	1010114217
1000667255	1011447363
1000667255	1011638860
1000667255	1016399934
1000667255	1018944372
1000667255	1029387594
1000667255	1035101890
1000667255	1035797274
1000667255	1038452801
1000667255	1039094971
1000714485	1041189435
1000863677	1066508195
1001223027	1059271500
1001413587	1005573634
1001413587	1061688683
1001431320	1028938983
1001493971	1014309911
1001523180	1028029140
1001523180	1064538213
1002005022	1036072471
1002108947	1069205631
1002395777	1066105711
1002418974	1002834152
1002418974	1003882840
1002418974	1009681480
1002418974	1009831860
1002418974	1010114217
1002418974	1011447363
1002418974	1011638860
1002418974	1016399934
1002418974	1018944372
1002418974	1029387594
1002418974	1035101890
1002418974	1035797274
1002418974	1038452801
1002418974	1039094971
1002603155	1007343817
1002603155	1026421394
1002603155	1030616032
1002603155	1030616044
1002603155	1042773141
1002603155	1057320183
1002603155	1057683060
1002603155	1061829590
1002603155	1067002731
1002718332	1007609932
1002834152	1009681480
1002834152	1009831860
1002834152	1010114217
1002834152	1011447363
1002834152	1011638860
1002834152	1016399934
1002834152	1018944372
1002834152	1029387594
1002834152	1035101890
1002834152	1035797274
1002834152	1038452801
1002834152	1039094971
1002906354	1052451595
1002906354	1063210723
1002906354	1068469892
1002982294	1036766852
1003018105	1058160255
1003705532	1034732275
1003705532	1035925393
1003763994	1035925393
1003882840	1009681480
1003882840	1035797274
1003882840	1038452801
1003882840	1039094971
1003933100	1067979097
1003998085	1060564030
1004308330	1008712804
1004332490	1048326902
1004345314	1011221801
1004953221	1007724977
1005186323	1035880951
1005305925	1039928673
1005343850	1011530680
1005343850	1068432812
1005569187	1018152450
1005592945	1007343817
1005616205	1066200391
1005752501	1007343817
1005752501	1052614217
1005792144	1044161523
1005989735	1064675161
1005992834	1042407141
1006147533	1014379992
1006147533	1061116807
1006338504	1036923302
1006338504	1053926410
1006338504	1065660055
1006494772	1059425324
1006601674	1035352165
1006612632	1032002055
1006620267	1041151044
1006620267	1061500752
1006731230	1061731803
1007187453	1041647664
1007343817	1024431497
1007343817	1036609852
1007343817	1040482460
1007343817	1053799747
1007343817	1057581555
1007609932	1062577427
1007741642	1059830097
1007766317	1042688603
1008246532	1021008584
1008246532	1039569372
1008246532	1059391632
1008968382	1055360795
1009318795	1025349284
1009408901	1036089895
1009417032	1058587841
1009645482	1013940447
1009681480	1009831860
1009681480	1010114217
1009681480	1011447363
1009681480	1011638860
1009681480	1016399934
1009681480	1018944372
1009681480	1029387594
1009681480	1035101890
1009681480	1035797274
1009681480	1038452801
1009681480	1039094971
1009781854	1029373180
1009831860	1010114217
1009831860	1011447363
1009831860	1011638860
1009831860	1016399934
1009831860	1018944372
1009831860	1029387594
1009831860	1035101890
1009831860	1035797274
1009831860	1038452801
1009831860	1039094971
1009849144	1052937860
1010018421	1010736384
1010018421	1061500752
1010114217	1011447363
1010114217	1011638860
1010114217	1016399934
1010114217	1018944372
1010114217	1029387594
1010114217	1035101890
1010114217	1035797274
1010114217	1038452801
1010114217	1039094971
1010214482	1024978395
1010227952	1060715975
1010452293	1042696501
1010736384	1046193337
1010876903	1046732171
1011065227	1054964041
1011100822	1031760521
1011100822	1034505112
1011221801	1021832064
1011221801	1034973405
1011221801	1045999765
1011221801	1048342624
1011437941	1045276082
1011437941	1063210723
1011447363	1011638860
1011447363	1016399934
1011447363	1018944372
1011447363	1029387594
1011447363	1035101890
1011447363	1035797274
1011447363	1038452801
1011447363	1039094971
1011474694	1068712852
1011573017	1019016805
1011638860	1016399934
1011638860	1018944372
1011638860	1029387594
1011638860	1035101890
1011638860	1035797274
1011638860	1038452801
1011638860	1039094971
1011986920	1057581555
1012378521	1017988887
1012425104	1064129472
1012702385	1061503485
1012745944	1034324163
1012745944	1045105977
1012745944	1063210723
1012745944	1065692517
1012773220	1043782697
1012861537	1037123140
1012891771	1035797274
1012891771	1038452801
1012891771	1039094971
1012983381	1036225022
1012983381	1046183772
1012983381	1047026160
1012983381	1056869581
1013017307	1035967280
1013096984	1044527073
1013119340	1035438415
1013159527	1051708291
1013159527	1052636041
1013223213	1034505112
1013223213	1046732171
1013297067	1065649994
1013297067	1067926260
1013297067	1068268004
1013300390	1055387555
1013851774	1033764630
1013858311	1061526463
1013861673	1042773141
1013928427	1059284777
1013940447	1044448491
1014202781	1047531887
1014202781	1061626445
1014268115	1057168113
1014309911	1036268944
1014309911	1047005390
1014309911	1062142382
1014364155	1044497077
1014586485	1043245131
1014587904	1052486931
1014792675	1063736733
1014866054	1030803274
1014866054	1061829590
1015073790	1031935833
1015497283	1044842047
1015497283	1046250093
1015554223	1039928673
1015671173	1057068233
1015964190	1035936662
1016343557	1047070924
1016399934	1018944372
1016399934	1029387594
1016399934	1035101890
1016399934	1035797274
1016399934	1038452801
1016399934	1039094971
1016416322	1018701227
1016416322	1037741557
1016949711	1060124170
1017196775	1067073867
1017291343	1052636041
1017808363	1064129472
1018238893	1043184911
1018340805	1062762264
1018356553	1028029140
1018356553	1041148924
1018356553	1043245131
1018356553	1045276082
1018669437	1028938983
1018669437	1046814450
1018669437	1050970230
1018669437	1056328553
1018922707	1035904137
1018944372	1029387594
1018944372	1035101890
1018944372	1035797274
1018944372	1038452801
1018944372	1039094971
1019016805	1037273813
1019016805	1042989142
1019047831	1042942691
1019069963	1052937860
1019079074	1062158912
1019997973	1054657171
1020583385	1059393285
1020703630	1057844667
1021008584	1031414297
1021008584	1059391632
1021008584	1062142382
1021409790	1051920685
1021522844	1044403663
1021711712	1069550672
1021711712	1070344857
1021798374	1053717142
1022269857	1045411594
1022844512	1036728153
1022868893	1059394084
1023031234	1049961064
1023545700	1036080953
1024065392	1043184911
1024431497	1040482460
1024978395	1063810443
1025367415	1056701390
1025367415	1064504880
1025433147	1044522734
1025531450	1043777265
1025678495	1054083100
1025708642	1036728153
1025792753	1058823913
1025815993	1038674127
1025893242	1038674127
1025896674	1046732171
1025896674	1048239544
1025964427	1065943057
1026187152	1068596243
1026394563	1034324163
1026398592	1033764630
1026421394	1048194612
1026432407	1026960831
1026432407	1032032233
1026432407	1062826462
1026846397	1034499855
1026846397	1067993233
1026960831	1032032233
1027188771	1036080953
1027498385	1065663860
1027738525	1044403663
1027738525	1045244251
1027738525	1046996491
1027901812	1058643184
1028029323	1049346812
1028301193	1057393867
1028933080	1029094845
1028933080	1047026160
1028933080	1055644891
1028933080	1059391632
1028938983	1042751864
1028938983	1044842047
1028938983	1052941091
1028938983	1057035034
1028938983	1068248497
1029207511	1047070924
1029207511	1059031537
1029207511	1068712852
1029218643	1049621015
1029373180	1053926410
1029387594	1035101890
1029387594	1035797274
1029387594	1038452801
1029387594	1039094971
1029424851	1052689952
1030357494	1069550672
1030616032	1030616044
1030616032	1042773141
1030616032	1057320183
1030616032	1060158465
1030616044	1042773141
1030616044	1043171195
1030616044	1067002731
1030742464	1041141737
1030803274	1043420587
1030803274	1046193337
1030803274	1065099995
1030803274	1068712852
1030854790	1037077164
1030854790	1060672430
1031054022	1046483233
1031228534	1043021472
1031228534	1048873925
1031228534	1063210723
1031376005	1043021472
1031376005	1044129475
1031376005	1044318711
1031414297	1045079004
1031414297	1059391632
1031414297	1060877885
1031501834	1051920685
1031501834	1054373114
1031795677	1044437182
1031807965	1037592127
1031807965	1039302717
1031807965	1046222077
1031820344	1032853582
1031820344	1033370054
1031888077	1067289762
1032032233	1059098824
1032032233	1062826462
1032683391	1036860763
1032683391	1042682845
1032683391	1063612981
1033257437	1066452610
1033491820	1064094955
1033764630	1048697137
1033764630	1061829590
1034140777	1063946135
1034311880	1059520140
1034499855	1043272010
1034505112	1046732171
1034505112	1046996491
1034732275	1064060611
1034732275	1064129472
1034945573	1066213692
1035038377	1045944025
1035101890	1035797274
1035101890	1038452801
1035101890	1039094971
1035174525	1064279691
1035499120	1055716284
1035499120	1067924572
1035606064	1069292217
1035797274	1038452801
1035797274	1039094971
1035890820	1048873925
1035890820	1057725254
1035925393	1037137197
1035925393	1047002523
1035925393	1063810443
1035935524	1069225007
1035935894	1054982715
1035967280	1036043550
1035967280	1046157077
1035971685	1067979097
1035971685	1069543793
1035981207	1052464192
1036023520	1052070602
1036028154	1064975884
1036042871	1046193337
1036043550	1040343204
1036043550	1046222077
1036043550	1055990017
1036057053	1054964041
1036072471	1036728153
1036072471	1051663305
1036072471	1054297697
1036080953	1063862095
1036089895	1054120234
1036089895	1069155805
1036114734	1060672430
1036114962	1044527073
1036114962	1070114455
1036124661	1068712852
1036142247	1061769284
1036142311	1046136842
1036171313	1064033491
1036389587	1057168113
1036432650	1042458022
1036466112	1043816793
1036466112	1046732171
1036466112	1047026160
1036579525	1038627037
1036579525	1045759313
1036595281	1046078463
1036595361	1043912853
1036595361	1045276082
1036595361	1053342051
1036595361	1063810443
1036602995	1047479693
1036638225	1043245131
1036686730	1045040455
1036709394	1054026233
1036724741	1066678630
1036728153	1037217257
1036728153	1038674127
1036728153	1048697137
1036728153	1056252141
1036788487	1047467705
1036788487	1066213692
1036788487	1068248497
1037074380	1047479693
1037077164	1042696501
1037137197	1047288737
1037592127	1046222077
1038364037	1057168113
1038417043	1063946135
1038430880	1053229131
1038430880	1070083951
1038452801	1039094971
1038459334	1046751475
1038536167	1043057590
1038541802	1044842047
1038541802	1046157077
1038541802	1047026160
1038541802	1047924822
1038541802	1057035034
1038541802	1065692517
1038566945	1042026447
1038620794	1050970230
1038674127	1066200391
1038819400	1048247134
1038819400	1049723185
1038819400	1050228285
1038819400	1050413141
1038819400	1064829844
1038819400	1064975884
1038948141	1046814450
1038972600	1051797591
1038972600	1057035034
1039101493	1039794867
1039101493	1065568875
1039159722	1042773141
1039302717	1046814450
1039302717	1053782185
1039302717	1068469892
1039541307	1041444177
1040052272	1067924572
1040141337	1052431674
1040278363	1068892674
1040569555	1050855612
1040917655	1043057590
1041508671	1044233037
1041508671	1064308653
1041625252	1069550672
1041653795	1064469351
1041675603	1044318711
1042026447	1064400537
1042385380	1059713852
1042696501	1045276082
1042696501	1051167080
1042696501	1052941091
1042696501	1062314877
1042751864	1046814450
1042770727	1059348801
1042773141	1067017074
1043021472	1044318711
1043021472	1048024573
1043123300	1044630025
1043171195	1060158465
1043256405	1044318711
1043325954	1057168113
1043346581	1068712852
1043399322	1046157077
1043512845	1067301077
1043789483	1048517831
1043789483	1056963171
1043798391	1045346922
1043808550	1067993233
1043892331	1049299927
1043892331	1066817330
1043956783	1048873925
1044025482	1058122601
1044129475	1044318711
1044318711	1050413141
1044403663	1044850480
1044403663	1045972740
1044437182	1047026160
1044448491	1063612981
1044599764	1050164735
1044842047	1047288737
1044842047	1060915314
1044842047	1067047305
1045040455	1064373247
1045040455	1068176655
1045079004	1046483233
1045195625	1046136842
1045195625	1064538213
1045276082	1047288737
1045276082	1057168113
1045312601	1045431317
1045353444	1051215102
1045431317	1047282160
1045431317	1052937860
1045571247	1065297733
1045949021	1053342051
1045982542	1046077124
1045982542	1046996491
1045982542	1067979097
1046136842	1050413141
1046136842	1052937860
1046136842	1059394084
1046136842	1062004343
1046136842	1068445347
1046157077	1049515980
1046193337	1053331957
1046193337	1053782185
1046193337	1059031537
1046206303	1066266374
1046207070	1061500752
1046483233	1049811711
1046483233	1066616335
1046574617	1065568781
1046732171	1046996491
1046751475	1052198100
1046814450	1047467705
1046814450	1057683060
1046814450	1058270222
1046882771	1064538213
1047002523	1067103453
1047012040	1049515980
1047026160	1054897667
1047070924	1048697137
1047070924	1068712852
1047130825	1066737203
1047288737	1063839442
1047288737	1065692517
1047463541	1051483374
1047463541	1059271500
1047467705	1065275611
1047467705	1065692517
1047467705	1067096902
1047546097	1065660055
1047924795	1059181801
1047924795	1062433203
1048030744	1048260780
1048351592	1059098824
1048351592	1059391632
1048669435	1069053193
1048873925	1057725254
1048873925	1064373247
1048909631	1054897667
1048909631	1065692517
1049036371	1064678817
1049515980	1067669785
1049521422	1057683060
1049621015	1063810443
1049621015	1068469892
1049723185	1050413141
1049723185	1053799747
1049723185	1057683060
1049811711	1064033491
1049954802	1059271500
1049961064	1067739720
1049975163	1061454503
1050228285	1064829844
1050258553	1056081044
1050280424	1068057807
1050413141	1052937860
1050413141	1053229131
1050413141	1061829590
1050431232	1068469892
1050694777	1059391632
1050746712	1050896727
1050746712	1059181801
1050803173	1066925357
1050896727	1068469892
1051101035	1060275834
1051215102	1051226691
1051234730	1059064260
1051313923	1055618251
1051364452	1055415323
1051364452	1061454503
1051459745	1069131585
1051708291	1055618251
1051708291	1056963171
1051797591	1057035034
1051852951	1055682875
1051882127	1067854602
1052147822	1067551861
1052198100	1069239400
1052451595	1063778882
1052489745	1059191810
1052533051	1063650541
1052533051	1065508122
1052937860	1054013325
1052937860	1061829590
1052937860	1063712942
1052939763	1064351250
1053229131	1059608531
1053773250	1065099995
1053773250	1067669785
1053799747	1055682875
1053799747	1061829590
1053799747	1068469892
1053812772	1058160255
1053926410	1067187530
1054007001	1064129472
1054083100	1065649994
1054264503	1057333110
1054736840	1063946135
1054897667	1055366103
1054984142	1063210723
1055313344	1064148353
1055644891	1061829590
1055644891	1065466094
1055682875	1065943057
1055710674	1058753145
1055716284	1067924572
1055901764	1056238075
1055990017	1059583314
1056096673	1058728934
1056328553	1069661040
1056397217	1058334880
1056433700	1065692517
1056701390	1065101375
1057289835	1066118641
1057320183	1060158465
1057333110	1059171744
1057333110	1062557731
1057601032	1066246357
1057683060	1061829590
1057683060	1062802185
1057913702	1063967513
1057913702	1069527655
1058043025	1063810443
1058080900	1069194825
1058397505	1062557731
1058707593	1064213202
1059031537	1061829590
1059181801	1060672430
1059683174	1060877885
1060672430	1066213692
1060715975	1061398940
1061829590	1068432812
1062004343	1068445347
1063240861	1065692517
1063240861	1068916891
1063661070	1067926260
1063738071	1066993255
1063810443	1067854602
1063810443	1069181571
1063839442	1068469892
1063840643	1069193030
1064014912	1066213692
1064076233	1065172274
1064094955	1064975884
1064469351	1069786934
1064675161	1068916891
1065067004	1065143654
1065099995	1065159004
1065568875	1069764875
1065649994	1067926260
1065649994	1068890170
1065649994	1069205631
1066232840	1068268004
1067926260	1068502925
1067926260	1068890170
1068557557	1069037890
